facename, AdamSavage, smileyPirate1, smileyPirate3, memeYaranika, memeGrinMan, memeBlockMongler, asciiTerror, smileyOld
decalname, none
headup 0
headskin, 0.900 0.750 0.550, 1.000 0.850 0.750, 0.800 0.600 0.400, 1.000 0.700 0.500, 0.650 0.380 0.190, 0.400 0.200 0.000, 0.220 0.110 0.100, 0.400 0.250 0.180
lhand clone headskin
rhand clone headskin
chest 1.000 0.150 0.000, 1.000 0.500 0.000, 1.000 0.800 0.000, 0.550 1.000 0.000, 0.000 1.000 0.350, 0.000 0.900 1.000, 0.000 0.600 1.000, 0.000 0.300 1.000, 0.350 0.000 1.000, 0.700 0.000 1.000, 1.000 0.000 0.600, 1.000 1.000 1.000
larm 1.000 0.150 0.000, 1.000 0.500 0.000, 1.000 0.800 0.000, 0.550 1.000 0.000, 0.000 1.000 0.350, 0.000 0.900 1.000, 0.000 0.600 1.000, 0.000 0.300 1.000, 0.350 0.000 1.000, 0.700 0.000 1.000, 1.000 0.000 0.600, 1.000 1.000 1.000
rarm clone larm
pants 1.000 0.150 0.000, 1.000 0.500 0.000, 1.000 0.800 0.000, 0.550 1.000 0.000, 0.000 1.000 0.350, 0.000 0.900 1.000, 0.000 0.600 1.000, 0.000 0.300 1.000, 0.350 0.000 1.000, 0.700 0.000 1.000, 1.000 0.000 0.600, 1.000 1.000 1.000
lshoe 1.000 0.150 0.000, 1.000 0.500 0.000, 1.000 0.800 0.000, 0.550 1.000 0.000, 0.000 1.000 0.350, 0.000 0.900 1.000, 0.000 0.600 1.000, 0.000 0.300 1.000, 0.350 0.000 1.000, 0.700 0.000 1.000, 1.000 0.000 0.600, 1.000 1.000 1.000
rshoe clone lshoe
japaneseArmor 1.0 1.0 1.0

flareHelmet 1.000 0.150 0.000, 1.000 0.500 0.000, 1.000 0.800 0.000, 0.550 1.000 0.000, 0.000 1.000 0.350, 0.000 0.900 1.000, 0.000 0.600 1.000, 0.000 0.300 1.000, 0.350 0.000 1.000, 0.700 0.000 1.000, 1.000 0.000 0.600, 1.000 1.000 1.000